99,5
100,5
103,5
30,6
31,6
32,6
33,6
34,6
97,6
99,6
100,6
101,6
106,6
107,6
108,6
165,6
166,6
171,6
172,6
30,7
31,7
32,7
33,7
34,7
36,7
38,7
40,7
97,7
98,7
99,7
100,7
103,7
104,7
105,7
109,7
162,7
164,7
165,7
166,7
167,7
168,7
173,7
27,8
30,8
31,8
32,8
33,8
34,8
35,8
36,8
37,8
38,8
39,8
40,8
41,8
94,8
98,8
100,8
103,8
104,8
105,8
106,8
107,8
108,8
109,8
110,8
161,8
167,8
169,8
170,8
171,8
172,8
174,8
26,9
35,9
36,9
39,9
40,9
93,9
96,9
97,9
99,9
100,9
102,9
104,9
106,9
107,9
108,9
165,9
166,9
167,9
168,9
169,9
171,9
172,9
173,9
175,9
25,10
26,10
28,10
31,10
32,10
34,10
36,10
38,10
41,10
42,10
92,10
94,10
95,10
96,10
97,10
99,10
100,10
103,10
104,10
105,10
106,10
109,10
112,10
162,10
163,10
164,10
165,10
168,10
173,10
25,11
26,11
27,11
28,11
29,11
30,11
31,11
33,11
93,11
94,11
95,11
97,11
100,11
101,11
103,11
104,11
105,11
107,11
109,11
110,11
111,11
159,11
160,11
161,11
162,11
163,11
164,11
165,11
166,11
168,11
169,11
170,11
172,11
173,11
174,11
176,11
177,11
178,11
24,12
25,12
29,12
34,12
38,12
39,12
41,12
43,12
44,12
91,12
93,12
95,12
96,12
97,12
98,12
101,12
107,12
113,12
160,12
161,12
162,12
163,12
171,12
172,12
175,12
176,12
177,12
178,12
23,13
24,13
25,13
27,13
28,13
29,13
30,13
32,13
33,13
34,13
35,13
38,13
41,13
42,13
45,13
91,13
95,13
98,13
99,13
101,13
103,13
106,13
109,13
112,13
113,13
157,13
161,13
163,13
164,13
166,13
169,13
170,13
172,13
174,13
176,13
177,13
179,13
24,14
25,14
26,14
28,14
29,14
32,14
36,14
38,14
40,14
42,14
91,14
92,14
94,14
95,14
96,14
97,14
99,14
100,14
101,14
102,14
104,14
105,14
106,14
107,14
108,14
109,14
111,14
160,14
161,14
162,14
163,14
165,14
168,14
169,14
170,14
171,14
172,14
173,14
175,14
177,14
179,14
25,15
26,15
27,15
28,15
30,15
31,15
34,15
36,15
37,15
38,15
40,15
41,15
42,15
43,15
45,15
91,15
93,15
95,15
96,15
97,15
99,15
100,15
102,15
103,15
108,15
109,15
157,15
158,15
159,15
164,15
170,15
171,15
174,15
175,15
177,15
25,16
26,16
27,16
28,16
30,16
31,16
34,16
35,16
36,16
40,16
41,16
42,16
43,16
92,16
94,16
95,16
96,16
100,16
103,16
104,16
105,16
107,16
110,16
111,16
114,16
158,16
159,16
161,16
165,16
166,16
167,16
168,16
169,16
177,16
179,16
24,17
25,17
26,17
27,17
28,17
33,17
34,17
36,17
37,17
38,17
41,17
42,17
44,17
46,17
93,17
95,17
97,17
99,17
100,17
101,17
102,17
105,17
106,17
108,17
109,17
111,17
112,17
156,17
161,17
162,17
163,17
165,17
166,17
167,17
170,17
172,17
173,17
174,17
179,17
180,17
23,18
24,18
28,18
29,18
32,18
35,18
36,18
38,18
39,18
40,18
42,18
43,18
45,18
93,18
96,18
98,18
99,18
102,18
103,18
104,18
105,18
106,18
107,18
108,18
109,18
110,18
111,18
113,18
160,18
161,18
166,18
167,18
171,18
172,18
179,18
25,19
27,19
29,19
30,19
31,19
32,19
33,19
34,19
35,19
36,19
38,19
39,19
41,19
44,19
93,19
94,19
96,19
97,19
98,19
99,19
107,19
110,19
111,19
112,19
113,19
157,19
158,19
159,19
160,19
161,19
165,19
167,19
169,19
170,19
171,19
175,19
176,19
177,19
179,19
25,20
27,20
28,20
29,20
31,20
32,20
33,20
35,20
36,20
38,20
39,20
40,20
42,20
43,20
92,20
93,20
94,20
95,20
97,20
100,20
103,20
106,20
109,20
110,20
113,20
159,20
161,20
163,20
166,20
168,20
169,20
172,20
173,20
178,20
27,21
28,21
29,21
30,21
31,21
33,21
35,21
36,21
37,21
40,21
41,21
42,21
45,21
92,21
94,21
99,21
101,21
103,21
104,21
106,21
108,21
110,21
112,21
159,21
164,21
165,21
167,21
168,21
172,21
173,21
174,21
176,21
177,21
178,21
24,22
25,22
27,22
28,22
29,22
30,22
31,22
32,22
33,22
36,22
37,22
39,22
41,22
42,22
43,22
44,22
93,22
95,22
97,22
99,22
101,22
102,22
105,22
106,22
107,22
108,22
109,22
112,22
158,22
159,22
160,22
163,22
165,22
166,22
169,22
170,22
172,22
173,22
174,22
175,22
177,22
178,22
24,23
25,23
26,23
27,23
30,23
31,23
41,23
94,23
95,23
98,23
104,23
106,23
108,23
109,23
111,23
158,23
160,23
162,23
165,23
166,23
167,23
168,23
170,23
171,23
173,23
174,23
177,23
26,24
30,24
31,24
35,24
38,24
40,24
41,24
42,24
43,24
96,24
98,24
101,24
104,24
106,24
107,24
108,24
109,24
110,24
161,24
163,24
164,24
165,24
171,24
173,24
175,24
26,25
28,25
29,25
31,25
35,25
36,25
37,25
38,25
40,25
42,25
95,25
96,25
97,25
99,25
100,25
101,25
106,25
108,25
109,25
160,25
161,25
162,25
163,25
168,25
170,25
171,25
172,25
174,25
175,25
27,26
33,26
35,26
36,26
37,26
38,26
40,26
96,26
97,26
98,26
99,26
100,26
101,26
102,26
105,26
108,26
162,26
163,26
164,26
165,26
167,26
168,26
169,26
170,26
172,26
174,26
175,26
30,27
32,27
33,27
37,27
40,27
99,27
100,27
101,27
105,27
106,27
164,27
167,27
168,27
170,27
171,27
172,27
173,27
30,28
32,28
33,28
34,28
35,28
36,28
37,28
164,28
165,28
167,28
170,28
171,28
172,28
34,29
169,50
170,50
174,50
176,50
177,50
169,51
170,51
172,51
174,51
175,51
177,51
167,52
168,52
171,52
172,52
173,52
176,52
178,52
179,52
166,53
167,53
169,53
170,53
171,53
172,53
173,53
174,53
176,53
178,53
181,53
28,54
31,54
32,54
33,54
34,54
166,54
167,54
168,54
171,54
173,54
175,54
176,54
177,54
180,54
181,54
182,54
26,55
27,55
28,55
29,55
30,55
31,55
32,55
33,55
34,55
35,55
37,55
104,55
105,55
108,55
109,55
110,55
111,55
112,55
164,55
165,55
166,55
168,55
169,55
171,55
172,55
173,55
175,55
176,55
177,55
180,55
182,55
183,55
27,56
28,56
31,56
32,56
33,56
36,56
38,56
39,56
102,56
104,56
105,56
107,56
108,56
111,56
114,56
163,56
165,56
167,56
169,56
170,56
173,56
175,56
177,56
179,56
181,56
183,56
27,57
30,57
31,57
32,57
35,57
36,57
39,57
101,57
102,57
103,57
107,57
109,57
114,57
162,57
163,57
164,57
166,57
171,57
174,57
175,57
176,57
177,57
178,57
180,57
23,58
24,58
27,58
30,58
31,58
32,58
36,58
38,58
40,58
41,58
101,58
102,58
103,58
106,58
107,58
109,58
115,58
164,58
167,58
168,58
169,58
170,58
172,58
173,58
174,58
175,58
176,58
177,58
178,58
179,58
180,58
184,58
23,59
24,59
26,59
27,59
32,59
33,59
34,59
35,59
37,59
39,59
40,59
41,59
42,59
102,59
104,59
106,59
107,59
108,59
109,59
110,59
111,59
112,59
113,59
114,59
162,59
163,59
164,59
165,59
167,59
169,59
172,59
174,59
175,59
176,59
179,59
180,59
181,59
183,59
25,60
26,60
27,60
28,60
30,60
31,60
33,60
34,60
35,60
36,60
39,60
42,60
98,60
99,60
100,60
101,60
103,60
105,60
110,60
111,60
114,60
116,60
117,60
118,60
162,60
163,60
164,60
167,60
168,60
170,60
172,60
177,60
178,60
184,60
22,61
25,61
26,61
27,61
30,61
31,61
32,61
33,61
34,61
35,61
36,61
38,61
39,61
42,61
43,61
98,61
100,61
103,61
105,61
108,61
109,61
111,61
112,61
115,61
162,61
167,61
168,61
169,61
170,61
173,61
175,61
176,61
177,61
178,61
179,61
182,61
183,61
184,61
21,62
25,62
26,62
29,62
31,62
35,62
36,62
37,62
38,62
39,62
41,62
43,62
97,62
99,62
100,62
101,62
104,62
105,62
106,62
107,62
108,62
111,62
112,62
113,62
114,62
115,62
119,62
162,62
163,62
165,62
167,62
170,62
172,62
174,62
175,62
177,62
179,62
181,62
182,62
183,62
184,62
21,63
22,63
23,63
24,63
25,63
26,63
28,63
29,63
32,63
33,63
36,63
37,63
38,63
39,63
41,63
43,63
97,63
100,63
101,63
103,63
104,63
105,63
107,63
110,63
113,63
114,63
116,63
117,63
119,63
162,63
166,63
167,63
168,63
170,63
171,63
173,63
175,63
176,63
177,63
178,63
179,63
181,63
182,63
184,63
21,64
23,64
26,64
27,64
29,64
31,64
32,64
33,64
34,64
35,64
36,64
39,64
42,64
97,64
98,64
99,64
102,64
104,64
105,64
107,64
109,64
110,64
112,64
115,64
117,64
118,64
119,64
162,64
167,64
171,64
172,64
174,64
176,64
177,64
180,64
181,64
182,64
21,65
22,65
23,65
24,65
25,65
29,65
31,65
32,65
33,65
34,65
35,65
36,65
37,65
39,65
40,65
42,65
43,65
44,65
97,65
101,65
109,65
110,65
111,65
112,65
163,65
164,65
165,65
169,65
170,65
171,65
172,65
174,65
175,65
176,65
177,65
178,65
179,65
183,65
184,65
21,66
23,66
24,66
25,66
30,66
31,66
32,66
33,66
37,66
38,66
42,66
43,66
96,66
99,66
100,66
102,66
104,66
107,66
113,66
114,66
115,66
116,66
119,66
120,66
163,66
164,66
167,66
168,66
170,66
172,66
174,66
176,66
179,66
180,66
181,66
183,66
22,67
25,67
26,67
28,67
29,67
35,67
36,67
37,67
38,67
40,67
97,67
99,67
100,67
104,67
105,67
106,67
108,67
109,67
111,67
113,67
119,67
164,67
165,67
166,67
167,67
168,67
169,67
170,67
171,67
174,67
178,67
179,67
182,67
183,67
21,68
24,68
25,68
26,68
28,68
29,68
30,68
31,68
32,68
33,68
34,68
36,68
37,68
39,68
40,68
42,68
43,68
100,68
101,68
103,68
104,68
106,68
108,68
109,68
111,68
112,68
113,68
115,68
116,68
117,68
119,68
167,68
168,68
172,68
174,68
176,68
179,68
180,68
182,68
21,69
22,69
23,69
24,69
25,69
26,69
27,69
28,69
29,69
30,69
31,69
34,69
36,69
37,69
38,69
39,69
40,69
41,69
97,69
99,69
100,69
102,69
105,69
106,69
107,69
108,69
109,69
112,69
113,69
114,69
116,69
117,69
118,69
119,69
165,69
168,69
169,69
173,69
174,69
175,69
176,69
177,69
178,69
23,70
24,70
25,70
28,70
29,70
31,70
32,70
34,70
35,70
36,70
39,70
42,70
98,70
99,70
101,70
104,70
105,70
107,70
108,70
112,70
113,70
118,70
169,70
172,70
173,70
174,70
177,70
178,70
179,70
180,70
23,71
24,71
25,71
27,71
29,71
31,71
34,71
35,71
38,71
40,71
98,71
103,71
104,71
105,71
107,71
109,71
111,71
112,71
113,71
114,71
115,71
118,71
168,71
169,71
170,71
172,71
173,71
174,71
175,71
179,71
23,72
24,72
29,72
30,72
31,72
32,72
34,72
36,72
38,72
39,72
40,72
100,72
101,72
102,72
103,72
106,72
107,72
108,72
110,72
113,72
116,72
117,72
118,72
169,72
170,72
172,72
173,72
174,72
177,72
27,73
29,73
30,73
31,73
33,73
34,73
36,73
37,73
38,73
39,73
40,73
100,73
102,73
103,73
104,73
106,73
107,73
108,73
109,73
110,73
111,73
112,73
114,73
115,73
25,74
28,74
31,74
32,74
33,74
34,74
35,74
37,74
38,74
39,74
100,74
101,74
104,74
105,74
106,74
107,74
109,74
110,74
113,74
114,74
116,74
27,75
29,75
33,75
34,75
35,75
37,75
38,75
101,75
107,75
110,75
111,75
113,75
114,75
115,75
28,76
29,76
31,76
33,76
34,76
36,76
102,76
103,76
104,76
105,76
106,76
107,76
108,76
111,76
112,76
114,76
32,77
104,77
108,77
109,77
112,77
175,95
172,96
174,96
176,96
179,96
169,97
170,97
172,97
173,97
176,97
179,97
180,97
181,97
168,98
169,98
170,98
172,98
173,98
174,98
175,98
176,98
177,98
178,98
179,98
182,98
110,99
173,99
174,99
177,99
178,99
179,99
181,99
182,99
27,100
30,100
31,100
32,100
33,100
106,100
109,100
110,100
111,100
112,100
113,100
114,100
166,100
168,100
169,100
172,100
174,100
175,100
178,100
181,100
183,100
184,100
25,101
26,101
28,101
30,101
33,101
34,101
35,101
37,101
105,101
109,101
110,101
165,101
166,101
168,101
169,101
170,101
171,101
172,101
174,101
176,101
177,101
179,101
180,101
182,101
184,101
25,102
26,102
27,102
29,102
30,102
32,102
35,102
36,102
37,102
38,102
103,102
104,102
105,102
110,102
113,102
114,102
115,102
116,102
117,102
167,102
169,102
170,102
171,102
172,102
173,102
177,102
179,102
180,102
181,102
182,102
183,102
184,102
185,102
24,103
25,103
27,103
29,103
32,103
35,103
37,103
39,103
108,103
109,103
110,103
111,103
113,103
114,103
117,103
118,103
164,103
166,103
167,103
168,103
170,103
175,103
178,103
180,103
181,103
183,103
184,103
185,103
186,103
22,104
25,104
27,104
28,104
30,104
31,104
32,104
33,104
34,104
35,104
37,104
39,104
40,104
101,104
102,104
104,104
105,104
107,104
109,104
111,104
114,104
116,104
118,104
164,104
166,104
167,104
169,104
170,104
173,104
175,104
177,104
179,104
180,104
181,104
183,104
184,104
186,104
23,105
26,105
28,105
29,105
30,105
31,105
34,105
36,105
39,105
40,105
100,105
103,105
104,105
105,105
109,105
110,105
114,105
115,105
117,105
118,105
119,105
120,105
165,105
167,105
171,105
175,105
177,105
179,105
180,105
182,105
183,105
186,105
21,106
22,106
23,106
24,106
28,106
29,106
30,106
31,106
33,106
35,106
36,106
40,106
101,106
103,106
104,106
105,106
109,106
112,106
115,106
117,106
164,106
165,106
168,106
171,106
172,106
174,106
175,106
176,106
178,106
179,106
181,106
182,106
184,106
185,106
20,107
21,107
22,107
23,107
25,107
26,107
28,107
29,107
30,107
33,107
34,107
35,107
37,107
38,107
40,107
42,107
101,107
102,107
105,107
106,107
108,107
110,107
111,107
113,107
115,107
116,107
117,107
119,107
163,107
166,107
167,107
169,107
170,107
171,107
172,107
173,107
174,107
175,107
178,107
179,107
180,107
181,107
183,107
186,107
22,108
24,108
25,108
27,108
32,108
35,108
36,108
38,108
39,108
40,108
99,108
100,108
102,108
103,108
104,108
107,108
110,108
112,108
113,108
114,108
118,108
164,108
165,108
168,108
169,108
171,108
175,108
176,108
179,108
181,108
183,108
184,108
185,108
186,108
21,109
22,109
23,109
24,109
29,109
30,109
33,109
34,109
39,109
41,109
42,109
100,109
101,109
103,109
104,109
105,109
108,109
110,109
113,109
115,109
116,109
117,109
119,109
120,109
121,109
165,109
168,109
169,109
171,109
172,109
173,109
174,109
180,109
181,109
182,109
184,109
20,110
22,110
23,110
27,110
29,110
30,110
32,110
34,110
35,110
36,110
37,110
38,110
40,110
41,110
42,110
99,110
101,110
102,110
103,110
104,110
106,110
109,110
110,110
111,110
112,110
115,110
116,110
120,110
121,110
167,110
176,110
177,110
178,110
179,110
180,110
181,110
185,110
19,111
20,111
21,111
24,111
26,111
28,111
29,111
30,111
31,111
32,111
33,111
38,111
39,111
42,111
43,111
100,111
101,111
102,111
103,111
104,111
106,111
107,111
108,111
110,111
112,111
113,111
116,111
119,111
120,111
122,111
165,111
166,111
169,111
173,111
175,111
176,111
177,111
180,111
181,111
182,111
183,111
184,111
22,112
23,112
26,112
28,112
29,112
30,112
32,112
33,112
35,112
37,112
42,112
99,112
101,112
102,112
103,112
106,112
109,112
110,112
111,112
112,112
114,112
115,112
116,112
117,112
118,112
119,112
121,112
166,112
167,112
171,112
172,112
174,112
175,112
177,112
179,112
180,112
181,112
183,112
184,112
22,113
27,113
28,113
29,113
30,113
33,113
35,113
36,113
40,113
41,113
103,113
105,113
106,113
107,113
108,113
109,113
110,113
111,113
112,113
114,113
119,113
166,113
167,113
168,113
169,113
170,113
171,113
176,113
179,113
181,113
182,113
183,113
184,113
20,114
21,114
22,114
23,114
24,114
25,114
26,114
29,114
30,114
31,114
32,114
34,114
37,114
39,114
40,114
41,114
42,114
99,114
100,114
101,114
105,114
107,114
110,114
112,114
114,114
117,114
118,114
121,114
166,114
173,114
174,114
175,114
181,114
182,114
183,114
20,115
22,115
23,115
24,115
29,115
30,115
32,115
33,115
36,115
38,115
39,115
41,115
99,115
102,115
104,115
105,115
106,115
107,115
108,115
109,115
115,115
116,115
118,115
119,115
121,115
167,115
169,115
172,115
173,115
174,115
176,115
180,115
181,115
182,115
21,116
22,116
23,116
24,116
27,116
28,116
29,116
30,116
31,116
35,116
36,116
37,116
38,116
40,116
41,116
100,116
101,116
102,116
105,116
106,116
107,116
108,116
110,116
112,116
113,116
116,116
117,116
118,116
119,116
168,116
169,116
173,116
174,116
176,116
179,116
180,116
22,117
23,117
25,117
26,117
27,117
29,117
31,117
32,117
33,117
36,117
37,117
39,117
40,117
41,117
101,117
103,117
105,117
106,117
107,117
114,117
117,117
119,117
120,117
169,117
170,117
171,117
179,117
22,118
23,118
24,118
25,118
27,118
28,118
29,118
30,118
31,118
32,118
33,118
34,118
35,118
37,118
38,118
39,118
103,118
104,118
105,118
106,118
108,118
109,118
111,118
112,118
114,118
115,118
116,118
118,118
119,118
171,118
173,118
174,118
178,118
23,119
24,119
28,119
29,119
30,119
32,119
34,119
35,119
36,119
37,119
102,119
103,119
104,119
105,119
106,119
107,119
108,119
110,119
111,119
112,119
114,119
116,119
118,119
25,120
26,120
28,120
29,120
31,120
32,120
35,120
36,120
38,120
104,120
105,120
106,120
107,120
108,120
109,120
111,120
26,121
27,121
33,121
104,121
105,121
106,121
107,121
109,121
110,121
111,121
114,121
115,121
116,121
30,122
31,122
33,122
34,122
106,122
113,122
